-6.76 3.49 115.89
1.31 -7.49 141.99
-1.03 -4.46 103.52
-26.25 1.02 147.82
13.67 7.54 143.24
-9.27 -6.30 117.84
-5.65 -2.62 73.42
14.96 -7.65 138.95
-8.42 -0.18 3.05
7.85 -9.66 96.09
11.49 0.86 148.33
14.11 1.60 139.42
-7.11 3.17 138.82
-9.22 -5.31 38.71
3.47 -8.08 172.20
7.81 2.69 88.78
2.58 -3.86 85.68
10.20 1.43 114.99
13.10 -4.32 72.11
10.20 -2.75 125.32
3.75 3.36 143.62
31.61 2.81 145.99
-17.18 -1.25 137.89
-10.69 -3.55 56.79
-3.63 8.28 134.33
0.96 2.39 134.04
5.86 -3.22 62.68
1.06 -3.54 112.23
-27.73 0.15 146.27
-3.94 2.81 107.82
23.03 -5.20 139.54
2.62 8.58 140.88
18.76 0.78 145.82
-9.76 -1.78 45.33
-14.72 0.57 68.47
-12.30 -4.29 22.78
-9.59 0.49 86.95
-11.61 7.38 138.76
-12.83 -3.28 143.47
-11.50 -7.46 111.44
-3.52 -9.94 118.52
-3.41 -6.07 167.35
2.18 4.44 87.94
-14.36 -4.36 75.07
-13.17 -6.21 103.79
8.25 -4.33 47.40
2.28 4.59 102.87
7.39 1.02 134.17
9.40 -10.27 133.66
-6.76 -6.41 41.65
11.96 -0.62 103.76
-17.12 -6.99 141.57
-7.88 1.97 92.52
15.57 -1.97 144.37
-12.83 -1.25 47.27
-10.13 0.06 85.49
14.60 -1.26 121.12
55.86 -4.19 142.96
8.74 3.44 122.76
4.06 -5.93 113.15
-0.94 -7.32 163.64
15.57 -4.06 132.91
-15.52 -7.05 87.04
-8.59 4.50 143.00
-1.07 -2.28 152.36
14.74 1.56 126.51
12.04 -1.35 8.38
-13.59 -8.57 119.06
-1.19 4.22 138.32
-79.24 -3.90 142.56
10.57 5.63 87.64
13.95 0.12 89.95
4.57 -8.19 166.67
3.91 -6.20 130.47
-7.73 -8.62 66.08
8.51 2.01 128.47
-2.84 -1.51 84.30
-8.01 -6.90 106.98
-3.58 -7.30 165.09
-3.06 5.09 140.93
-14.54 6.19 138.25
-13.42 -4.76 76.62
-12.18 -3.63 38.81
-8.90 4.55 99.38
-15.85 -0.05 34.09
4.48 -6.82 103.87
9.46 -0.25 55.72
-0.29 -0.41 130.93
4.77 -9.83 131.55
-3.81 0.48 135.40
6.49 2.03 120.26
-11.14 -9.61 91.64
14.76 -0.31 80.03
-36.96 2.11 143.32
-2.76 1.23 147.37
15.14 1.63 133.41
2.41 -7.15 100.46
-6.38 -5.00 115.36
5.52 -1.85 174.28
-16.60 -5.19 125.63
19.95 -2.71 140.82
-16.56 -6.19 127.44
-1.19 -7.31 152.30
-4.93 -2.42 132.48
-0.92 -5.71 167.76
-7.89 -4.46 70.79
3.85 -0.88 121.40
-24.71 -1.07 139.55
10.14 -2.78 142.58
15.29 0.03 38.79
34.58 -3.02 144.84
-12.00 3.83 130.79
9.37 -9.89 136.45
-4.41 -2.75 82.55
-0.11 2.06 109.56
-11.92 -6.91 79.04
-8.42 0.86 131.35
8.72 3.47 94.82
9.73 -3.64 81.04
2.25 -3.49 147.52
-7.63 -7.02 67.51
13.66 -6.03 56.24
-4.92 -4.31 67.06
3.32 4.56 119.94
9.95 -0.23 144.54
9.55 -2.78 28.70
11.60 3.38 137.82
-13.04 -5.52 6.09
-6.48 -2.04 141.31
-4.68 -1.81 110.60
15.05 -2.25 81.74
-22.04 1.30 147.39
-10.28 -11.03 140.98
8.69 -4.94 125.51
-11.62 1.04 96.71
-7.53 -6.62 128.59
-8.97 -1.88 23.39
-12.14 -7.25 118.97
-3.63 5.14 145.60
10.40 -0.42 5.30
8.42 0.56 104.18
-7.31 -3.76 36.80
3.74 -6.94 177.25
-23.79 -3.42 139.32
-52.76 -0.65 139.04
-9.81 2.31 6.54
7.24 0.42 87.58
-2.53 -1.58 106.99
-5.22 -6.04 104.40
-16.50 -6.31 84.68
9.78 -8.11 105.80
-0.62 -5.06 92.28
1.54 -0.23 175.92
-12.49 3.14 142.39
5.20 -6.38 78.03
-11.52 -4.14 55.07
-1.11 2.03 96.17
9.88 -4.54 7.26
-11.36 -3.16 2.44
6.18 -8.79 97.61
-0.22 -9.56 104.75
-1.11 3.53 150.18
-0.81 -11.18 176.58
12.84 -1.13 123.65
10.32 -8.97 101.49
-6.22 1.19 132.10
6.92 -4.71 84.87
-8.64 -7.74 146.15
12.11 -2.37 52.81
1.83 -9.76 98.12
-13.34 -1.60 128.14
-12.11 -3.51 31.22
-39.43 1.79 139.45
11.71 -2.16 118.50
-4.79 -1.40 161.43
-7.97 -7.56 101.95
-9.75 -2.35 57.24
-28.80 -3.82 139.86
-10.28 -0.25 143.30
41.49 0.44 139.59
54.04 -2.90 138.40
11.51 -3.39 0.70
-8.39 4.02 94.56
3.41 -9.16 140.85
-13.59 -8.21 124.76
-4.30 7.62 139.73
5.48 -2.44 128.12
2.14 2.87 152.10
-8.07 -6.52 101.87
-1.63 -9.92 166.37
-2.73 -2.33 86.68
-6.55 0.64 70.30
3.36 -10.60 141.00
-10.01 -0.80 37.48
8.60 -2.71 141.81
14.22 -4.32 95.40
-15.96 -4.65 82.26
-39.62 1.32 146.00
7.33 1.39 99.62
0.25 -9.11 89.57
9.85 -1.81 116.02
0.93 3.90 138.65
-8.92 -2.64 12.74
-7.91 -2.23 28.11
14.64 -5.52 94.65
6.38 3.87 144.39
15.64 1.60 145.84
5.76 -4.12 77.76
8.23 -2.83 63.58
1.77 2.17 85.76
7.75 -1.86 66.76
-33.93 -0.71 138.33
-12.30 0.80 65.10
-13.15 -6.34 145.07
12.97 -4.39 9.01
-12.95 5.61 145.11
30.93 1.95 146.84
-14.95 1.73 133.82
-13.12 -7.01 4.14
15.00 -1.92 30.60
14.33 -5.42 5.52
6.41 -0.68 167.54
55.50 -1.41 142.55
1.74 4.55 150.02
1.82 -1.94 144.68
-4.01 -6.38 85.81
3.71 3.63 102.57
-13.65 -5.91 54.39
5.55 -1.98 83.00
-11.01 -9.28 105.23
14.16 -5.51 92.04
-68.14 -4.95 140.68
-7.67 -4.83 41.24
18.56 0.09 138.08
0.51 2.70 120.20
9.39 0.95 130.78
8.92 -8.21 103.91
-9.71 -3.85 84.46
-7.13 -8.65 136.10
9.40 -0.27 83.73
11.99 -1.81 31.65
7.15 -1.43 73.14
9.78 -6.80 71.82
6.77 2.83 140.58
72.24 -3.50 140.41
7.07 1.67 138.04
10.60 -3.81 27.24
9.63 -3.88 41.47
-3.15 -9.85 116.77
31.70 -5.04 142.00
-9.31 0.04 0.85
-6.87 0.72 145.24
-10.59 -5.81 102.54
8.75 -4.47 105.20
14.85 -8.82 66.00
16.92 -1.03 131.78
0.37 -9.13 89.55
13.65 -1.81 94.84
14.15 0.52 135.94
-47.89 2.34 140.49
72.22 -2.57 140.44
-15.54 4.55 144.50
-13.69 -4.57 75.37
46.75 0.08 143.16
-16.51 4.08 139.17
13.38 -7.87 64.42
5.93 0.78 79.62
5.97 -7.81 140.55
-2.14 3.96 121.51
1.80 10.41 138.97
-10.56 -0.14 0.53
74.40 -11.00 138.37
-17.22 -1.70 140.56
18.11 -3.17 147.44
-13.20 -8.25 136.88
-7.57 -9.70 101.48
3.69 -4.10 166.82
15.27 -1.69 130.58
-11.70 -0.15 62.11
2.55 -2.01 102.96
-1.28 -2.28 119.91
-5.16 -7.87 66.63
-10.86 2.40 101.11
12.93 -9.64 127.69
-11.92 -5.63 41.69
20.41 -0.84 138.41
-12.85 -3.69 47.73
-4.87 3.04 130.19
-26.84 -4.32 138.34
41.84 -2.08 139.22
-25.03 2.30 146.51
-12.26 2.71 136.60
-16.81 -5.19 83.88
-22.39 -2.32 141.16
8.23 -9.35 73.65
-12.11 -6.64 56.29
-0.96 -2.05 147.73
8.72 -6.33 63.21
0.05 3.46 146.61
10.44 4.80 130.49
6.32 3.40 127.54
-4.12 -4.59 75.18
10.08 -2.41 21.03
14.01 -6.87 2.63
53.57 -1.67 144.16
9.02 -0.66 149.87
7.02 4.52 147.37
-64.46 -4.56 140.67
-14.87 -1.87 125.82
-9.56 -2.58 100.05
10.10 7.27 132.49
-10.85 -1.89 28.20
2.12 2.60 168.95
8.74 -3.01 62.44
-12.38 -5.48 69.40
-8.05 3.40 149.08
6.01 -1.43 134.71
4.10 -8.29 110.15
-62.16 0.02 141.18
-0.09 0.37 167.31
2.40 -8.18 93.62
-7.52 -3.02 112.12
-11.73 -9.14 73.40
4.58 -3.41 92.93
-4.31 -5.04 173.85
-9.94 -2.58 56.89
12.80 3.44 2.72
0.16 10.15 134.08
-5.59 -4.24 87.92
10.31 -8.10 72.23
5.86 -3.54 120.22
-0.62 -6.73 126.85
36.49 0.25 141.98
-10.75 -3.65 87.39
-9.96 -9.48 88.28
15.38 -3.18 127.01
-5.41 0.99 107.05
12.67 0.58 37.12
11.27 1.75 133.73
-55.04 0.64 143.16
-38.45 1.21 143.26
7.17 -5.10 76.49
6.52 -3.94 140.39
-4.82 0.44 123.05
6.64 -2.93 149.76
-10.34 -2.89 107.04
12.06 -6.11 30.23
43.22 -1.98 144.09
-5.05 -1.48 129.19
-6.86 -4.63 147.07
4.34 -3.80 79.58
-10.44 -1.05 85.65
-11.39 -6.62 80.92
17.06 -0.67 129.61
0.62 -10.45 167.59
-6.70 -0.26 129.68
1.06 -0.17 146.79
5.45 -9.81 131.62
-13.06 -3.88 52.45
9.46 6.26 96.27
14.91 0.22 38.49
-11.57 1.50 73.03
-13.82 -3.25 135.10
-0.48 -3.01 124.64
-8.63 3.98 137.38
2.40 -2.02 175.73
-42.33 -0.38 145.63
2.89 -3.80 140.82
2.67 3.97 151.49
-11.74 -5.91 19.38
-58.74 0.31 140.98
11.50 -1.82 5.59
57.51 -3.55 140.02
4.20 1.20 111.63
9.34 -3.43 106.53
8.21 -5.01 27.15
15.49 -6.55 77.26
10.76 -9.26 140.59
-0.12 -7.44 175.95
3.00 -3.79 126.98
-5.15 5.18 132.82
-9.84 -2.30 43.01
2.44 -8.23 95.95
4.18 -3.82 110.31
4.03 -5.88 127.39
-6.37 0.45 71.92
7.16 0.73 85.48
-0.47 3.42 146.14
-18.73 1.82 148.26
-15.38 -8.32 78.84
-9.75 -2.93 35.94
-6.47 -1.87 152.51
-5.92 -4.92 132.80
-3.64 -1.93 79.61
12.63 -4.42 85.48
9.86 -0.84 23.12
-5.68 4.65 97.17
-8.30 -8.60 139.69
11.98 -3.70 106.10
-0.64 -4.26 138.59
-4.61 -7.23 118.84
-2.80 -0.04 156.86
-9.74 -1.02 10.99
-10.06 0.89 65.71
-29.98 -0.15 138.85
11.20 -4.77 139.77
27.27 -4.74 140.61
-3.72 -9.62 105.44
-2.30 3.40 153.50
-24.90 1.36 139.76
13.44 -8.66 59.88
-4.87 3.48 114.83
-14.20 8.04 137.82
36.51 2.83 140.72
8.94 -0.08 107.29
-5.26 -1.59 167.87
-7.59 2.55 99.66
18.12 0.34 137.12
8.96 1.11 111.57
-11.10 -6.76 7.47
-0.01 4.41 121.39
4.57 -9.36 89.24
54.75 -3.29 138.69
5.17 -8.41 115.83
-0.12 5.58 136.53
-24.18 -0.06 147.90
7.61 -3.82 75.57
-3.40 -5.71 118.06
9.75 -1.91 142.88
-8.88 -2.00 37.43
-8.21 -7.05 108.33
-12.71 -1.10 14.28
8.61 2.36 78.68
10.32 -5.40 79.48
-5.29 -6.72 90.19
4.44 1.86 99.41
-3.71 -1.40 99.06
13.90 -1.43 124.57
6.15 -8.73 121.58
4.96 2.57 123.53
4.85 -3.74 142.85
-2.50 -9.53 164.36
-9.93 -6.28 32.20
-5.63 4.28 135.61
12.15 -3.37 23.06
9.42 -8.00 77.21
6.17 -1.40 63.29
10.64 -3.94 10.98
-5.81 -9.67 128.44
6.65 -3.79 147.91
20.25 4.86 141.01
10.54 -4.88 91.50
0.91 -4.41 139.03
15.17 2.85 132.76
-6.04 -2.12 75.56
6.51 -8.72 55.14
11.03 -0.75 137.84
8.85 -5.17 70.69
68.82 -4.34 142.56
8.50 -5.57 77.66
8.65 -6.72 68.40
-6.02 -7.74 71.59
-4.28 -8.10 158.23
-9.35 -3.93 87.23
-6.89 -6.32 110.74
6.76 0.39 86.59
7.33 -0.76 130.70
7.61 -8.78 75.56
3.25 -0.30 124.31
-13.36 -3.50 33.57
-0.63 -7.29 176.55
-3.57 -0.35 161.99
-15.02 1.65 90.42
-13.04 -6.66 116.27
-12.52 -5.31 146.36
11.05 1.59 139.26
10.66 -0.65 94.83
42.48 -0.79 138.43
7.97 -6.41 138.64
-3.50 -4.24 165.14
-74.74 -4.93 141.12
3.88 -0.56 134.16
9.16 -4.50 101.12
-8.94 -3.68 118.65
-4.98 2.95 95.36
-11.85 -7.40 61.04
-4.04 -1.23 95.15
-8.06 -1.88 43.50
-17.73 -1.35 131.46
-11.97 -7.12 54.12
13.26 -3.65 87.44
2.29 -2.43 147.07
13.38 2.82 86.04
5.34 1.99 108.75
5.47 -3.62 72.37
-1.52 -0.78 157.25
7.65 3.87 133.90
-11.27 0.75 3.63
-4.91 1.01 106.60
29.41 0.71 137.84
2.47 -7.29 84.99
-8.31 -3.18 148.87
4.86 -1.03 170.98
-5.16 -3.42 145.40
-16.19 -7.47 129.94
0.47 4.56 140.03
1.91 -7.55 91.00
51.42 -2.54 144.95
-12.08 -2.78 99.61
-11.94 4.01 129.92
-12.53 -6.32 138.86
88.40 -3.11 142.30
-9.60 0.57 121.03
13.08 -1.12 132.27
-14.39 7.18 144.18
-1.08 -10.51 132.29
-17.69 1.98 139.25
-10.99 -6.41 139.86
-7.50 -2.44 68.55
22.82 -1.53 144.46
2.38 -4.51 119.77
-5.63 -3.43 92.96
15.59 -8.27 81.99
-9.37 -0.40 88.37
8.30 -3.72 48.64
-1.92 -3.16 141.66
6.14 3.76 148.68
10.31 -9.30 111.29
-8.36 -4.21 107.51
-10.46 -4.71 45.42
-11.87 0.58 116.99
34.22 3.08 143.57
6.71 2.04 81.61
2.07 -0.97 134.94
4.44 -4.11 68.86
-4.51 -2.27 132.92
10.35 -8.25 68.11
-6.19 -5.77 129.84
14.17 -7.59 132.41
7.11 7.88 145.40
-13.66 -9.04 100.04
10.45 -6.70 8.24
14.69 1.09 146.11
1.65 -5.82 160.93
16.06 -1.62 77.95
-12.15 -6.57 79.54
11.89 -3.70 62.27
14.00 -3.23 36.80
-7.15 -7.28 134.56
-5.80 6.30 126.44
-0.93 -2.71 134.69
-8.61 1.43 110.87
17.74 4.27 143.26
-5.84 -5.77 97.18
9.95 2.80 141.23
-2.17 -9.13 172.85
-47.64 -0.51 141.09
-26.27 3.20 145.55
34.05 -0.31 146.71
-57.56 -3.25 141.25
-61.05 -3.90 139.94
32.31 -0.38 144.69
-1.05 -4.31 108.42
-5.37 -3.45 175.62
3.54 5.72 138.37
4.38 2.85 104.31
6.79 -7.58 103.94
3.97 2.64 135.55
-6.11 7.77 128.85
13.98 0.98 80.74
-3.42 -3.70 91.88
0.23 -7.11 177.91
8.89 3.03 85.47
-13.42 -6.81 129.10
-10.72 -5.73 58.60
9.37 0.91 3.74
-12.27 -4.96 67.29
-15.53 -4.65 61.56
-5.47 0.24 169.12
12.91 -6.81 35.40
10.32 6.67 146.02
-14.07 -2.67 94.26
57.39 0.44 142.38
20.21 0.74 142.56
-13.67 -2.12 97.28
7.77 -2.91 34.59
14.42 0.82 32.93
7.81 1.04 83.64
-1.94 -2.45 167.91
5.16 -9.04 92.96
-9.03 1.69 85.21
-12.29 -0.55 8.47
-39.80 -0.84 140.73
8.36 -4.07 96.96
3.09 1.48 130.71
8.14 2.47 136.90
-2.07 -0.58 117.00
5.63 -7.46 59.24
15.56 -0.72 140.15
-9.53 -1.92 43.78
3.69 -5.66 140.98
1.88 10.28 135.33
-59.99 -1.34 141.27
-12.34 4.26 142.62
-25.80 -1.43 148.21
29.50 4.84 142.78
1.62 -7.97 168.72
-11.78 -4.32 131.66
-11.28 -2.21 26.59
-9.93 -8.76 88.06
-12.39 -2.94 118.88
-13.92 -5.77 117.62
8.31 -2.59 72.87
3.06 -4.22 101.39
5.01 -4.61 116.92
0.24 -6.91 95.74
-10.09 -3.47 125.46
2.46 -2.57 94.00
-2.21 -0.81 112.28
11.63 0.18 70.61
-38.11 -2.01 141.08
-22.71 -2.24 145.84
-6.09 -5.46 81.97
-9.13 -6.30 102.12
5.62 3.84 152.19
-8.64 -9.04 81.50
12.40 -3.88 121.57
7.20 3.23 138.46
-10.93 -2.18 66.19
-1.15 2.45 96.15
29.52 -0.53 140.66
8.13 1.33 124.71
-66.31 -3.09 140.17
4.74 -3.12 80.67
-15.38 -1.64 90.93
9.97 0.11 124.21
-2.46 -10.38 127.93
-10.99 -0.70 27.56
-71.90 -6.12 139.51
7.72 -7.47 86.48
1.87 -4.45 158.71
-4.94 5.39 86.14
-12.50 -5.20 60.09
12.67 -3.18 39.24
27.76 -5.34 139.02
-3.68 6.86 143.92
-0.64 2.64 102.59
-35.27 1.80 138.27
-43.35 -0.04 140.21
11.98 -9.24 122.22
-10.66 -2.03 127.24
0.23 -8.36 177.86
11.51 -1.86 114.62
8.13 0.72 34.89
-10.45 -4.04 136.55
3.74 -1.15 89.26
12.31 -1.77 117.58
6.27 -7.75 103.56
-17.93 -4.86 140.47
-0.12 -2.11 118.38
13.16 5.88 133.75
-5.17 0.49 169.01
17.92 -3.58 129.37
30.00 4.89 141.98
9.98 -1.39 38.65
0.65 0.82 114.97
14.90 -2.76 77.60
-10.44 1.64 77.58
6.92 6.99 136.82
-12.49 -4.30 35.29
15.28 -3.82 130.74
2.90 -9.73 99.00
14.13 -6.50 63.74
-8.49 -5.92 121.98
6.64 3.05 124.17
-8.97 -5.36 136.13
6.09 -4.72 167.97
8.24 -5.11 124.62
-13.63 -5.23 96.81
-0.33 0.16 147.11
-13.45 -5.87 55.92
12.01 2.93 129.89
-1.37 1.81 104.33
-0.28 -2.28 114.98
-3.95 -1.99 105.94
-6.53 -3.96 126.26
10.81 -6.50 127.31
12.18 -6.51 83.08
10.48 6.67 142.27
12.08 -1.59 15.55
11.87 -4.71 59.53
-1.99 -6.12 132.62
-4.41 -7.15 174.82
-11.68 -2.62 43.13
65.80 -3.92 140.52
-15.66 -6.15 127.42
13.22 6.85 136.36
14.22 3.01 136.03
-13.17 -5.34 137.95
-7.83 4.83 97.32
11.07 2.64 137.67
2.61 0.47 110.33
16.11 -1.57 134.52
11.23 -0.47 9.12
-1.71 -0.50 166.53
-7.81 3.55 86.53
-10.40 3.82 127.33
15.10 -9.76 133.19
-7.15 -5.20 94.80
14.59 0.60 126.53
1.94 -10.91 171.10
6.07 -9.07 64.97
-0.88 -0.40 125.96
-8.60 6.24 138.23
4.22 -6.96 81.78
12.00 -4.54 126.38
5.19 -9.89 160.99
33.50 0.32 138.57
-3.03 3.14 140.76
7.32 -2.35 128.26
-9.82 -0.53 88.81
10.90 -5.24 100.42
8.44 -3.54 26.94
-2.24 -5.28 89.28
-13.51 -2.39 66.95
-1.19 -0.50 86.03
-6.32 4.53 148.12
-0.32 -9.60 96.18
3.13 -5.29 100.79
13.99 -4.70 135.87
-5.05 -9.23 132.88
12.76 7.39 143.35
-8.90 1.92 0.91
13.58 -8.15 67.11
2.75 -1.63 83.39
-14.67 4.31 145.32
-6.50 0.00 129.27
18.22 -0.64 139.77
13.56 -5.94 131.59
8.15 -7.91 50.97
16.96 -4.62 139.68
-0.30 -2.51 163.98
12.99 -3.33 14.84
-49.78 0.08 139.21
-9.60 4.72 149.42
10.31 -4.47 119.19
-3.36 -5.99 92.39
-5.59 -3.58 148.74
-2.66 -4.60 146.61
-8.26 -3.91 123.77
-8.87 -5.23 18.71
-7.73 4.42 139.53
9.23 -7.72 38.73
1.31 3.28 137.26
-8.61 -1.60 62.97
-11.06 -0.78 53.14
-14.12 -1.20 141.03
-8.15 -6.48 76.66
-70.26 0.17 142.48
16.04 1.80 142.69
-6.19 -2.02 128.86
15.16 -5.91 133.53
2.19 -9.72 98.81
-7.60 -2.61 117.30
4.68 -8.57 68.47
9.85 6.63 142.81
-5.31 -6.35 129.48
-17.11 -4.06 72.80
41.13 -3.50 142.41
-9.96 -3.47 52.51
-10.50 -2.04 142.28
7.36 -5.32 67.57
10.56 0.14 90.08
7.39 -4.49 118.22
74.48 0.26 142.90
3.92 -2.40 145.08
-4.82 -1.52 152.92
-57.39 -2.89 143.91
-8.53 6.42 94.76
-26.67 -3.06 145.74
20.03 2.52 144.34
4.16 -0.94 130.45
-5.29 -1.43 171.39
1.33 4.37 114.77
-8.80 -6.21 47.55
46.38 -1.91 140.63
14.74 -3.87 65.82
-28.83 1.49 143.67
-22.30 -0.79 140.11
-0.22 1.30 150.60
-10.94 3.67 98.37
-7.67 -4.89 147.73
-16.49 -3.83 82.96
-18.16 5.46 144.44
45.56 0.70 144.23
14.95 -0.54 32.97
4.54 -7.82 134.35
12.91 -2.99 134.70
-4.38 -2.07 89.67
-4.12 -4.54 168.78
10.35 -4.03 123.17
49.25 -2.39 138.28
-9.59 5.46 143.55
-2.65 -1.81 96.14
7.21 -3.15 124.22
-11.98 3.58 133.25
-8.33 -7.46 114.59
-5.19 -5.20 132.98
18.31 -3.44 134.00
8.81 -2.14 74.61
13.08 -1.65 67.69
-1.79 -7.55 152.88
9.13 -8.39 144.33
-12.77 -4.47 83.30
-4.21 -5.34 114.36
14.36 -5.09 74.90
-9.28 -8.40 113.24
-0.42 4.09 131.17
7.74 -2.36 32.70
-26.22 -0.78 141.04
2.56 -3.65 96.53
-3.81 2.46 100.72
14.48 -4.60 59.30
-7.24 2.75 96.98
-5.42 -9.80 140.90
24.88 -4.65 144.45
-6.28 -7.28 77.96
8.70 -6.62 1.33
-20.71 -2.37 143.59
-9.79 -4.33 0.96
-5.07 -7.68 66.56
9.83 -3.84 110.91
9.69 -4.22 135.11
5.34 3.92 102.34
4.75 -5.47 95.18
6.09 -5.14 57.34
11.45 -6.44 58.72
-6.84 -7.40 116.21
18.13 4.19 144.25
39.88 -1.82 141.93
-10.50 2.25 33.17
7.46 7.47 145.99
-2.22 -6.32 132.56
6.23 -7.65 84.25
6.79 -4.96 83.98
1.66 0.97 92.42
-16.37 -2.39 81.49
-11.14 -4.69 112.41
-3.60 9.91 140.66
-14.30 -5.19 73.88
-10.66 -9.49 107.86
5.28 3.91 118.90
-8.87 -7.78 106.66
-4.30 3.54 84.48
-4.85 -3.22 160.42
-3.34 -13.11 167.48
-13.26 -2.87 136.42
-12.90 -8.12 54.17
6.61 -3.70 102.62
-10.25 -3.33 140.42
-9.97 0.09 91.95
1.65 -9.57 164.41
-28.42 3.12 140.34
0.95 2.58 169.79
7.72 -1.52 8.82
5.83 -2.41 143.98
-9.92 -6.13 110.81
16.32 -1.17 80.56
-5.28 -7.16 62.89
4.62 -3.06 79.83
-4.98 -10.31 138.60
-8.40 -1.90 110.15
-9.01 -2.75 134.17
5.76 1.74 79.76
-80.03 -6.19 143.74
-46.52 0.49 142.76
7.17 1.67 89.26
-8.48 -6.27 142.04
-8.52 -7.98 129.99
31.64 3.13 145.43
-16.19 -5.68 68.83
-3.80 -8.61 77.43
22.37 0.62 145.70
10.88 -3.27 83.03
-73.51 -5.10 143.20
12.65 -1.77 105.77
-3.52 -0.65 158.45
12.59 -5.78 131.72
-9.94 -1.45 123.95
-2.89 -8.91 142.14
2.63 -0.30 96.91
4.86 -5.76 72.66
-8.97 -2.76 28.19
-10.55 -6.92 145.81
-8.87 -5.30 145.57
6.12 -2.99 62.22
-14.70 -6.64 86.66
11.35 -4.52 141.28
-0.67 4.94 149.77
4.89 0.39 146.46
-5.34 3.63 150.90
2.71 -6.18 117.09
7.37 -2.96 110.63
-14.26 -2.89 99.10
31.71 2.03 139.09
2.19 -0.73 107.91
-13.84 -4.10 103.18
-12.80 -5.37 63.11
12.18 -5.07 111.70
1.08 -10.18 117.68
3.91 -3.34 76.94
0.43 3.49 113.82
3.56 5.20 150.98
-3.87 7.23 126.02
11.05 -8.27 37.44
-77.02 1.93 141.49
8.91 -4.30 83.60
-2.45 5.61 151.57
-9.71 -0.76 17.50
-2.98 -2.60 152.04
3.81 1.29 112.14
-12.58 -5.60 113.00
-28.06 -5.65 140.95
3.19 4.33 95.93
56.11 -3.01 141.85
2.57 2.62 135.62
0.25 -8.22 122.98
10.73 -5.70 60.50
12.00 -7.71 45.34
-12.74 -7.08 116.97
-32.31 -1.02 144.12
-5.20 0.79 152.91
-3.58 -5.30 177.07
-7.78 -2.48 142.94
-73.06 1.41 142.89
-9.29 3.63 137.29
-3.51 1.61 85.42
2.09 -3.05 144.62
9.62 -6.66 60.87
-6.89 -4.19 168.64
6.46 0.75 149.02
-10.68 -4.21 55.66
9.17 -5.69 92.06
-6.19 -9.76 92.91
-0.01 -3.66 169.17
-11.19 -7.82 144.40
4.22 -5.64 111.73
13.98 -6.74 131.22
-13.13 -3.75 38.96
19.43 -3.10 144.99
10.13 -7.46 120.91
-5.00 1.34 122.57
1.84 -7.77 117.24
6.68 2.19 152.95
-2.52 -5.64 83.26
11.56 0.75 6.90
-15.69 -0.51 131.99
10.37 -8.12 79.47
-16.39 4.74 145.37
13.55 2.70 138.72
-4.00 -8.34 119.04
3.96 -9.66 163.66
3.95 -7.67 113.13
-9.98 -1.73 144.27
6.26 -10.61 137.28
9.00 -4.82 95.19
11.60 0.87 83.27
-0.64 3.36 114.72
12.17 -2.90 14.99
16.41 0.59 132.48
-15.54 -6.22 61.64
-10.83 -6.20 132.85
3.11 7.83 136.95
10.92 -1.59 26.82
-0.89 0.54 88.25
32.35 -4.46 142.30
-7.09 -9.39 111.32
-4.01 1.24 168.76
6.30 6.86 139.60
-10.68 -7.64 44.46
4.45 -3.78 111.08
-9.87 -5.72 100.37
-14.27 -5.75 76.48
-0.08 -1.62 125.74
-22.77 -1.66 145.16
-14.67 -3.51 58.39
4.89 -3.68 143.63
17.83 5.72 141.81
11.06 -7.07 66.80
4.76 -6.83 104.00
-5.39 -8.69 108.89
-27.22 -1.60 141.72
4.84 -5.20 72.94
-4.39 -6.56 59.59
7.57 0.60 95.05
7.94 4.16 97.01
-0.79 -7.61 151.47
13.85 -6.84 43.69
-9.48 -4.95 124.02
8.41 -7.28 83.31
-9.27 -3.49 76.31
13.11 -2.04 68.65
11.10 2.87 143.66
24.63 -3.21 147.64
-11.58 1.20 147.86
-10.15 -0.31 146.96
-4.90 5.16 135.31
-14.39 -4.63 83.99
4.01 -7.05 61.69
18.88 1.67 143.45
-3.55 -10.20 133.75
-1.69 7.29 142.98
-8.39 -6.16 42.88
3.41 -3.84 142.85
11.72 -7.71 103.32
10.26 8.81 142.64
14.65 1.85 142.39
-11.50 4.23 144.83
9.62 -4.55 112.27
14.82 3.59 144.45
-6.07 -8.41 77.49
9.40 -7.45 32.67
-9.76 -4.13 148.75
9.21 9.24 143.62
-12.62 2.23 88.57
-11.67 0.93 90.11
-7.78 9.43 137.05
-3.06 -7.67 92.55
-5.65 7.02 147.86
11.60 -6.35 134.42
3.12 -2.87 130.31
-18.18 -4.44 136.94
-10.26 -3.12 76.62
4.98 -3.77 80.55
-13.09 -1.52 96.43
-7.78 -1.38 71.67
1.86 -9.15 141.64
7.24 -7.48 132.69
5.63 3.11 128.33
-8.56 1.69 138.31
-41.76 3.51 142.80
-9.56 -4.43 15.07
-2.84 -6.96 116.03
-3.56 -2.24 152.52
9.43 -4.66 92.02
-12.56 -7.06 145.35
-9.40 -6.46 55.19
17.05 -4.05 88.29
5.16 -0.97 126.04
12.43 9.11 138.84
-9.17 -2.01 117.69
-5.49 -3.54 89.27
4.39 -11.27 172.57
2.72 -7.70 169.73
4.20 -5.15 147.02
9.24 3.42 150.08
9.24 -1.12 63.67
8.39 -7.21 116.32
0.03 0.35 123.77
-2.11 -0.74 163.50
-15.24 1.37 124.65
58.16 -4.36 141.84
35.23 3.21 144.76
72.87 -8.88 139.73
6.15 1.53 82.01
-50.13 0.10 137.86
1.69 4.78 120.85
-4.22 -3.18 144.00
24.85 -3.03 141.45
-8.97 -4.00 24.99
14.19 5.11 129.33
-8.71 -2.84 24.60
8.37 -9.66 129.87
8.96 -7.68 108.60
5.06 -1.32 97.57
2.00 4.44 150.57
4.42 -8.84 126.02
70.26 -1.87 142.23
10.02 1.70 99.41
-2.57 -5.73 88.05
12.91 1.00 4.33
9.08 -3.56 112.26
4.61 -7.54 99.33
5.65 -3.07 68.40
-0.63 -5.24 151.61
10.94 8.39 133.16
-47.67 0.52 139.48
-16.83 -2.98 146.76
11.12 -6.07 36.03
3.18 4.44 146.53
7.08 1.89 120.23
18.24 2.68 138.71
25.02 -4.06 141.96
8.10 1.52 144.23
-1.22 6.78 139.38
-10.51 -1.32 43.47
14.35 1.93 87.95
11.28 -0.47 116.57
-4.28 -5.93 163.50
1.41 -4.56 91.90
-13.94 -1.15 33.65
9.39 -6.40 134.12
-4.48 -9.77 166.13
8.21 -0.61 133.38
10.87 -3.14 133.46
-12.89 -3.56 86.75
-10.12 -9.27 94.21
-3.25 -6.60 125.86
-0.71 -7.55 94.55
-10.41 -10.06 139.73
-4.06 -3.51 70.19
8.21 -2.89 129.81
-0.75 -7.50 90.67
12.93 -4.10 1.75
-3.88 4.19 131.23
-14.88 1.98 130.13
-1.32 1.72 171.83
2.77 3.62 107.97
-6.30 2.53 107.97
9.54 -0.81 70.37
-0.03 0.90 172.21
-67.22 -2.28 143.17
7.36 -1.65 81.15
29.55 -0.24 144.95
9.36 -5.78 115.90
14.71 -4.83 94.90
9.88 -3.90 12.14
-46.33 -3.90 141.10
-4.99 -8.71 114.69
3.61 -2.14 138.46
-10.89 -4.33 97.07
-3.37 4.18 97.08
2.57 3.06 116.53
14.35 -7.34 66.71
31.81 1.39 143.39
1.75 -3.13 163.62
7.22 -3.47 142.65
0.03 5.48 119.19
6.36 -6.49 66.80
13.32 -1.90 130.35
-11.49 -2.15 138.10
-12.01 -4.93 43.68
8.51 -1.78 80.88
-0.26 -5.67 109.76
6.30 -3.07 150.26
13.11 -0.88 93.97
12.75 1.27 131.91
-4.15 1.56 116.83
11.00 1.19 21.58
10.63 -4.84 38.26
0.80 -4.03 89.52
13.12 6.00 142.47
-12.18 -6.33 5.23
4.27 1.72 100.87
7.93 -1.02 105.27
12.96 4.43 127.46
31.01 -2.92 144.09
9.36 9.31 137.97
-15.44 -5.46 92.04
-4.59 -2.94 136.32
-3.52 -7.16 94.36
-36.83 -3.49 138.25
-12.15 -6.18 8.85
-4.86 -6.11 150.81
11.00 -0.71 85.47
-3.56 -1.95 173.81
-7.28 -6.13 77.75
-16.90 -6.36 76.09
1.52 0.66 159.98
-12.64 7.67 134.59
1.92 -8.07 90.99
6.73 -0.63 69.29
-6.10 -4.04 89.78
-9.11 -10.17 128.83
-51.49 -3.00 141.34
5.65 -8.91 123.83
2.28 4.52 134.64
-14.32 -2.91 61.63
-5.44 -6.91 167.58
4.93 -0.08 135.66
-9.50 -3.37 56.56
-7.69 -7.94 49.72
4.37 4.45 90.14
-5.64 0.62 102.82
-9.85 -0.15 96.56
22.83 0.77 140.49
5.43 -7.36 139.54
4.34 5.51 145.36
-0.54 -4.10 120.82
4.82 5.01 99.95
0.85 -3.48 168.38
-13.47 1.73 133.82
-12.89 -6.08 68.34
-23.49 -1.60 137.87
-7.69 -3.80 110.96
15.20 1.17 146.34
9.92 6.43 126.31
2.37 8.39 142.52
-15.66 -0.99 129.42
-7.11 -3.33 84.41
9.82 0.17 6.74
6.30 6.61 141.55
-61.94 -4.12 140.24
-3.02 2.99 139.81
-15.33 -1.86 41.06
14.76 -7.65 76.16
-10.16 -9.21 128.19
11.15 -0.29 109.46
-2.02 2.93 135.01
6.06 -4.35 126.73
-34.01 3.19 141.51
-23.10 -2.00 144.67
4.84 -4.45 61.67
10.67 -5.15 143.44
-11.24 -4.92 97.67
13.10 -3.13 53.48
4.78 -0.56 133.02
-5.47 6.71 125.26
-28.56 2.37 146.55
80.65 -6.56 143.96
2.42 -3.15 127.68
-6.28 3.91 128.16
-5.92 -2.59 144.07
14.31 -5.81 138.45
9.39 0.63 79.94
-14.95 -4.37 100.51
-8.60 -1.54 19.93
-13.03 -4.08 142.41
-48.60 -0.18 143.57
7.60 -0.12 105.93
11.39 -0.68 124.11
3.76 -1.64 98.32
32.65 1.11 140.62
-16.61 -4.53 75.18
-1.57 3.56 102.69
-29.92 0.11 141.71
-5.00 -7.35 128.43
44.17 -1.99 143.46
6.13 -8.07 127.00
9.04 -6.65 114.19
13.47 -0.53 0.64
11.26 -7.10 139.39
1.24 -3.44 169.63
-3.00 -2.57 125.22
-17.69 -3.51 134.42
7.13 -3.49 49.73
6.42 1.06 108.52
-15.06 -5.83 142.44
7.42 -6.76 92.09
-15.32 -1.36 96.21
-15.46 7.16 139.88
13.55 4.17 127.40
-9.66 -1.38 103.58
71.10 -8.20 141.55
40.55 -0.20 143.98
-6.08 7.89 145.14
-4.90 -6.23 88.25
6.13 -5.33 164.57
8.91 2.31 84.94
16.05 -6.73 80.18
-11.40 1.69 70.83
-10.27 -0.33 41.00
-21.27 -3.30 138.79
0.88 -0.55 160.32
-1.26 7.58 129.10
-10.69 -1.99 14.64
-1.76 -7.73 132.68
-9.68 6.65 93.78
-11.79 0.69 25.69
-29.02 -1.65 137.78
-12.76 -6.13 53.66
0.91 -4.46 146.21
14.63 -0.63 93.21
23.51 -0.75 148.57
-11.93 -4.01 33.54
9.74 6.62 143.43
-2.11 2.77 142.98
-6.14 -2.94 76.09
1.09 3.79 148.97
45.10 -3.77 142.24
38.30 -1.33 141.15
1.95 1.98 142.20
-7.97 -2.86 28.91
-4.23 -9.12 99.74
-8.93 3.56 89.57
-6.23 1.22 132.38
-4.53 -6.27 64.78
-8.77 -3.32 3.86
1.75 -9.41 133.46
7.82 -1.47 121.65
10.65 -7.71 123.21
11.89 2.50 93.20
-2.44 -5.38 90.83
8.07 0.62 81.73
-11.11 -6.51 55.44
4.12 3.20 141.92
5.45 0.28 76.33
-0.05 4.67 125.03
-9.13 -2.89 101.01
-9.40 -0.77 81.68
8.27 -9.22 97.97
1.75 3.81 99.50
-4.60 4.05 102.66
-2.04 -1.81 87.70
13.53 2.33 3.98
-29.80 0.99 145.63
-10.16 -5.28 43.52
-5.78 -7.18 109.52
14.54 -3.27 102.55
0.98 -5.19 93.69
0.61 -6.68 95.87
16.10 -4.79 145.73
9.51 0.17 63.39
11.24 -6.33 46.57
6.49 -8.54 75.81
-8.89 -1.49 73.02
8.13 -7.66 41.08
-2.18 -1.66 89.21
72.02 -9.03 140.27
-10.62 -4.63 103.86
0.44 7.57 142.60
-9.36 -8.68 108.42
21.28 0.71 139.77
12.44 -7.77 106.30
-11.55 -1.78 104.78
4.98 -5.93 74.73
0.47 -5.11 114.81
-13.12 -0.93 75.26
-8.94 4.42 140.10
72.38 -8.26 141.13
-10.60 -0.25 135.78
-14.49 -2.78 137.43
12.54 -5.34 58.72
-12.33 -3.34 119.25
-6.07 -0.21 92.37
-0.31 -4.54 129.27
28.14 3.67 145.64
10.20 -3.31 16.35
-12.65 3.99 92.88
-1.09 2.35 101.58
-35.62 0.33 138.42
53.44 -4.87 142.72
8.08 -9.61 105.17
11.83 -4.18 119.04
10.87 -4.85 18.36
2.31 -3.14 143.69
-11.20 -2.14 100.75
8.40 -5.20 1.52
3.55 4.37 126.30
69.29 -0.61 139.72
-9.10 0.53 23.75
-6.06 -0.79 64.29
54.73 -0.61 140.97
-3.42 -0.59 107.16
9.06 -2.95 59.43
5.01 0.83 173.03
4.94 -2.08 145.06
11.53 3.48 137.85
-33.24 3.75 141.73
13.87 -2.81 52.82
15.51 -4.32 72.16
-11.21 -3.98 8.26
-15.27 3.55 131.41
-17.42 2.72 134.86
-17.82 2.14 133.51
-7.38 -4.95 53.48
5.85 -0.92 105.37
-28.92 1.38 139.65
-3.76 -5.53 81.65
7.16 4.52 141.79
6.83 -7.51 143.96
-7.93 -2.75 112.20
41.91 1.80 141.60
8.13 -2.44 81.13
-9.37 3.91 89.80
11.48 -5.56 100.08
37.04 -1.35 141.55
7.18 -5.68 84.44
13.90 -1.63 35.61
9.72 -5.91 84.58
-6.63 -9.60 116.96
5.89 -5.16 116.21
0.92 -8.98 122.05
6.24 6.87 147.37
-28.95 1.02 145.53
-2.63 -1.23 139.97
6.11 -5.60 103.94
-1.67 -5.96 167.61
0.46 0.18 106.77
0.48 4.67 98.18
-10.66 -7.67 133.77
-8.24 -7.71 47.09
-9.67 -2.14 43.67
-23.96 -0.82 139.02
11.59 -7.13 135.60
-43.52 -3.56 142.19
10.46 -6.66 23.67
46.24 -0.06 144.85
8.88 -7.46 36.00
2.23 0.60 104.27
-4.99 -5.46 118.44
11.20 4.42 147.67
7.78 -4.02 45.58
39.43 0.59 138.72
-8.01 -4.24 126.60
48.84 0.46 140.76
-6.61 1.58 144.52
8.95 -2.17 1.56
9.45 4.66 144.63
-9.28 -2.83 102.91
-16.57 -7.09 86.05
-1.15 -3.99 151.88
-7.39 0.52 130.11
13.88 -0.55 72.93
4.08 -5.66 142.68
-14.35 -1.01 144.32
-63.44 -4.08 142.77
-7.03 -1.78 75.51
-3.76 -0.76 161.67
-3.62 6.53 142.73
7.30 -2.45 31.60
-7.45 -7.68 62.85
13.22 -0.85 67.47
2.99 0.09 149.54
78.02 0.56 143.50
2.04 -4.99 155.05
0.06 0.59 97.93
34.13 -1.44 138.11
-5.76 5.10 120.07
12.18 -2.34 131.51
5.27 -7.82 83.36
15.98 -3.59 60.72
-12.08 -2.85 30.23
7.97 0.61 88.00
13.04 -2.10 137.46
-4.71 -3.18 133.52
-13.97 -10.15 136.11
-14.26 -8.97 82.80
24.51 -1.01 141.10
11.17 -4.51 83.86
-14.81 -5.89 84.82
11.09 -5.76 43.06
-71.78 -8.40 139.43
-2.07 -5.35 131.64
-13.36 -0.97 5.42
1.50 5.34 125.23
11.87 -7.90 54.06
10.55 -7.26 97.89
-11.55 -9.11 79.83
-9.33 -8.11 129.10
-20.97 0.04 139.19
-2.33 9.40 144.51
-4.12 0.43 144.77
3.65 -4.45 84.58
-11.88 -4.94 86.84
-19.03 4.70 142.93
2.40 -0.29 102.98
-13.87 -1.89 120.29
12.64 -7.35 100.68
9.97 -2.97 73.28
-12.75 -0.73 6.94
-0.62 3.63 89.36
-15.46 0.20 137.97
2.90 -5.35 156.56
10.64 -7.07 62.45
-12.22 -8.74 129.91
-16.57 -2.58 73.42
-7.71 2.17 95.83
5.97 -4.65 82.23
-8.66 7.73 141.55
-7.41 -2.49 71.89
7.18 -9.86 95.70
11.41 -2.88 93.79
-6.66 -3.36 87.18
12.62 6.83 140.73
0.25 0.34 116.78
-7.65 -4.31 99.42
-7.73 -0.51 59.32
5.39 0.46 132.32
9.98 1.88 130.80
2.38 3.31 139.05
12.28 -0.54 42.05
-2.13 -8.69 111.79
-13.79 -4.61 34.23
-2.90 -9.85 113.65
2.74 4.60 152.31
57.38 -4.92 141.56
73.73 -8.47 141.40
24.16 -0.67 143.52
4.56 -7.78 140.17
1.48 -5.25 103.01
-10.01 -3.41 36.98
0.19 5.11 140.04
-16.69 6.08 145.92
-9.66 0.96 105.56
-2.43 3.91 144.90
9.56 -6.96 61.61
-7.67 -6.17 69.63
-3.86 0.37 129.86
3.76 -3.64 146.83
-8.91 5.56 94.38
-6.57 -8.49 104.51
-3.26 -2.18 132.51
-9.06 -7.22 89.92
-1.17 -8.52 89.39
9.04 2.91 147.33
-9.77 -8.30 80.87
-0.76 -4.80 155.14
15.73 -2.75 95.96
15.58 -1.12 128.10
-1.14 -4.66 131.22
10.12 -0.36 122.16
24.78 -1.74 143.15
37.37 -2.00 146.00
3.27 -9.60 102.22
-5.27 -6.85 107.76
2.97 -7.18 175.29
3.21 -1.29 158.63
22.99 1.98 143.44
8.53 -7.68 120.26
12.21 0.49 68.83
-14.28 -6.31 139.42
3.51 -1.45 110.84
-17.12 1.16 128.43
7.18 -6.84 90.11
-7.93 1.68 89.16
-1.98 -11.59 170.17
4.25 -0.95 105.82
-4.98 -8.86 86.80
-1.71 -11.74 171.41
8.46 -0.23 116.16
-8.46 1.95 3.19
-4.15 1.97 107.37
12.67 5.87 134.46
2.41 -6.63 151.23
-3.90 -7.35 73.63
-8.28 -8.61 141.77
-7.03 0.20 93.37
-24.86 2.67 139.35
-10.05 -3.98 87.29
13.11 -8.74 77.54
-11.21 3.77 138.95
-1.12 -2.92 167.04
14.01 -0.24 89.00
1.26 -1.06 163.66
-8.27 -3.20 127.58
5.66 -1.60 171.23
-5.70 4.11 132.36
20.57 4.20 145.00
-7.31 -4.52 31.29
9.61 -6.37 28.46
8.10 2.91 123.53
-59.56 -2.21 141.67
-4.07 -3.81 114.87
-8.26 -3.47 53.25
10.13 0.39 78.03
-12.09 -0.32 131.80
9.77 0.96 68.57
-13.82 1.09 123.83
45.45 1.64 138.90
-6.29 -3.79 132.01
-4.44 -5.42 71.31
-0.75 -5.21 167.58
-6.80 -4.79 84.86
-9.22 0.74 64.89
-1.43 -1.61 90.82
-9.60 0.83 65.84
-17.88 -5.17 137.54
11.88 -2.73 127.24
-0.33 -8.40 131.30
-3.29 -4.81 118.99
10.93 3.37 87.93
-8.84 -1.92 82.49
9.70 -6.04 114.76
14.20 -6.64 71.43
5.33 -8.13 118.87
39.90 2.62 141.03
81.62 -3.62 142.73
3.25 -6.32 150.29
7.58 4.92 99.65
36.73 -5.61 140.67
-14.15 0.28 127.97
-12.79 -5.93 53.86
0.29 -7.25 147.16
5.63 2.39 137.27
28.30 2.40 145.85
-8.96 8.56 138.62
13.78 -4.30 76.99
10.10 0.90 85.17
10.84 0.10 64.35
9.08 -3.57 59.27
7.78 -3.82 7.12
-28.96 3.37 145.13
-7.95 4.01 144.17
-44.71 -0.47 144.62
11.63 -6.85 55.56
-7.40 -5.12 146.27
8.31 -7.83 132.28
11.34 -6.24 21.11
-7.20 -2.97 80.57
3.57 -9.41 142.51
-12.47 -7.84 121.98
-3.95 2.75 150.22
16.91 -7.08 141.99
-16.03 -5.72 73.02
0.65 -4.08 141.52
3.49 -5.02 156.59
2.98 2.05 100.14
2.50 1.84 102.67
-7.15 1.50 96.46
12.33 -8.73 128.18
30.44 4.97 142.05
-13.85 0.70 77.58
8.11 -1.26 43.39
5.62 5.03 135.15
10.96 -2.81 137.43
16.00 -7.23 91.57
15.02 3.01 138.10
6.50 -7.09 88.03
13.72 -3.12 138.58
5.89 -3.97 96.41
-5.21 -0.42 76.83
-8.81 -3.60 30.05
-10.81 -3.52 145.22
-9.96 7.87 140.15
8.35 2.73 146.10
2.79 -6.20 162.64
-12.73 0.73 27.71
-5.78 9.96 141.21
-1.12 4.18 96.80
-1.42 -3.35 117.30
-4.01 3.59 137.40
13.08 -7.55 141.38
-9.08 -7.69 115.56
-8.62 -6.54 81.78
-14.68 -4.68 41.51
11.40 5.79 141.24
13.29 -8.62 79.83
-8.61 0.68 122.81
10.10 1.46 99.12
10.38 -5.68 26.81
-14.83 -1.69 98.58
-6.54 -0.35 86.73
-2.12 2.51 143.19
2.15 -10.84 134.73
-14.64 -0.51 68.70
-34.26 0.78 145.15
-3.76 0.22 151.73
-7.90 3.65 89.51
11.18 -4.93 132.10
49.97 -2.58 140.41
9.35 -0.60 35.95
-8.35 3.51 128.73
-4.81 4.87 100.23
-8.68 -3.51 136.05
9.49 3.87 127.06
-7.04 0.85 71.76
5.67 -3.70 131.97
-5.96 -3.41 143.60
3.19 3.95 117.02
-15.10 0.76 137.04
2.63 -8.73 115.97
8.61 -9.18 75.41
1.84 0.25 165.34
13.21 2.43 94.41
-12.97 -3.91 34.54
-10.23 -6.26 120.22
-4.27 -5.59 105.38
16.59 -2.99 136.48
9.73 -6.61 94.31
-11.11 -8.88 100.08
3.51 -4.81 126.82
-19.28 -1.29 138.68
13.63 -6.71 0.68
11.52 -0.50 123.89
-12.41 -3.39 49.62
-13.30 -8.12 142.09
2.35 4.39 90.21
14.86 -3.17 99.88
-11.09 -2.43 14.12
73.70 -0.00 140.54
0.65 3.14 135.29
-6.43 4.87 99.15
1.66 -5.71 99.14
-3.54 -3.26 75.07
-10.20 -7.70 88.65
-4.54 3.05 108.76
-22.76 -1.50 143.61
11.21 -6.48 104.27
-6.81 5.49 143.88
64.68 -3.70 140.90
-11.50 -8.39 61.70
11.23 -4.64 69.22
0.99 2.20 138.50
-11.13 0.13 57.65
-15.89 -2.65 141.90
-1.15 -0.87 149.19
0.31 -5.90 113.91
11.83 -2.06 68.53
72.07 -3.74 140.56
2.94 -4.90 77.91
0.61 -8.77 166.95
-7.45 -2.14 38.92
1.60 -10.44 170.99
-23.17 -4.33 141.76
16.55 -6.17 130.91
9.86 2.44 125.94
-0.87 7.97 142.07
2.81 -4.94 139.29
-2.04 0.62 155.46
-7.58 -7.31 77.55
-1.31 2.41 94.99
59.66 -4.07 143.54
-19.21 1.02 146.16
-2.51 -6.55 149.97
11.15 1.09 37.74
10.81 1.63 8.00
20.29 3.26 142.55
-0.40 -4.10 137.81
-9.15 -6.56 126.83
-9.91 -0.92 110.83
11.33 4.68 133.28
25.74 -5.75 140.16
11.35 -1.12 56.75
10.26 -2.27 42.57
-19.01 3.26 141.45
-16.43 4.40 133.89
11.17 -8.33 133.97
-1.32 -11.38 164.13
-4.72 -3.08 78.12
-4.90 2.02 104.32
4.53 -2.14 113.83
-3.41 -4.80 79.86
-9.63 -1.42 8.41
10.27 -5.60 133.86
-11.15 -3.09 2.66
5.08 -0.53 76.60
-30.55 3.41 141.25
-8.16 -5.60 78.24
-0.60 -8.01 129.24
-31.83 -4.14 144.66
-2.28 -8.62 89.53
11.39 -7.83 56.68
-6.12 2.32 118.56
-3.67 -7.29 174.07
7.55 -5.13 115.82
-12.36 3.92 137.60
42.05 -2.17 144.05
10.09 -4.05 112.36
-2.43 -4.36 110.28
6.31 8.31 140.61
12.90 -6.54 129.06
-4.04 -1.11 88.74
6.80 -5.18 141.73
-5.52 -5.89 103.25
-9.28 6.11 89.03
0.29 -1.94 123.76
-41.60 -3.96 144.42
-10.41 -5.10 67.45
10.83 -4.25 144.43
-39.58 -2.14 140.26
12.66 -0.94 137.15
-12.78 -8.20 117.08
-12.50 0.09 58.20
6.52 -2.20 109.33
7.16 -9.00 61.35
20.81 -0.73 146.36
25.04 -1.03 138.36
7.21 -7.35 59.65
10.33 0.62 135.93
8.92 1.48 96.74
-20.83 3.31 147.63
9.00 0.15 66.25
-2.01 6.79 125.47
51.55 1.25 139.24
3.70 -1.53 151.63
-7.59 3.38 118.60
-9.64 -1.19 126.13
-10.59 -6.00 12.76
-5.28 -3.29 107.07
10.73 -0.15 148.37
-8.03 -9.13 78.73
11.44 5.12 127.73
-1.22 4.43 94.49
6.15 -5.06 93.14
4.48 -5.29 159.85
44.47 1.64 141.70
-26.18 -3.24 142.01
-11.28 -8.53 127.96
-33.35 1.53 145.40
7.21 -2.62 121.03
-10.86 -4.78 10.70
6.58 -6.62 174.32
8.29 -9.45 81.34
1.49 -10.16 120.43
-6.34 0.81 141.81
-9.17 2.66 144.13
15.88 5.97 137.09
-42.44 0.12 137.93
6.33 -1.89 108.60
11.07 2.02 1.96
-9.40 -8.90 110.79
7.93 -1.18 112.50
7.99 -1.81 56.33
-10.67 -3.68 83.86
-27.19 -1.60 146.10
-9.75 -6.39 0.80
5.57 -7.60 92.86
15.16 -8.04 65.68
-10.48 0.27 77.22
-8.57 -2.00 27.26
-2.16 7.78 143.23
12.45 1.54 73.22
14.85 -0.30 137.88
-5.27 2.71 90.85
-13.14 -1.18 121.39
-3.92 -9.18 175.48
8.23 1.53 151.08
7.20 -5.39 87.86
-7.22 -7.85 101.32
-6.21 -1.54 153.59
33.75 2.03 144.65
-2.69 -5.14 141.45
-7.52 -1.47 29.45
19.70 -3.43 145.14
4.06 -3.66 82.94
-13.33 2.11 87.43
12.16 0.79 22.83
-10.90 -3.99 123.04
46.01 2.07 142.07
-2.23 -2.74 143.28
8.09 0.32 71.17
-26.18 -0.43 145.55
10.12 -1.33 19.36
-11.40 3.64 128.35
-10.09 -10.64 135.48
-6.46 -0.03 130.52
-6.10 -1.61 79.96
-11.04 -9.59 115.98
6.30 -0.03 169.31
14.58 -7.18 85.12
-7.94 3.51 94.70
-7.75 1.21 99.04
-12.66 4.26 136.66
14.02 1.82 80.42
-9.36 -6.28 43.09
-5.57 -10.05 109.22
-9.28 -6.22 87.22
4.99 -6.25 144.80
-1.62 -7.57 104.28
11.59 -3.66 15.29
4.63 5.77 136.60
10.84 -3.27 127.88
29.59 -3.04 137.93
3.36 -3.14 80.35
-4.69 3.58 125.68
-3.99 -5.50 114.62
7.79 -9.79 130.02
-7.83 -4.25 49.59
5.35 -5.84 135.24
5.54 -2.96 76.29
11.92 -6.01 24.89
-16.17 -5.44 83.17
-10.91 -5.18 123.75
-1.27 3.46 153.62
11.84 -5.83 30.82
-6.73 -2.40 86.74
1.32 7.65 139.03
10.15 1.68 126.52
2.01 -2.00 170.28
-13.42 -1.17 19.61
10.18 -4.93 11.24
10.88 1.08 125.79
10.80 -3.59 57.31
-60.81 -2.72 142.38
11.36 5.50 132.91
8.53 -2.49 2.83
-10.67 -2.06 106.83
7.69 -1.23 114.24
11.55 1.57 100.38
11.01 -0.01 130.17
-2.19 -8.32 163.64
-16.04 -2.92 141.58
13.49 -5.43 80.05
-6.23 2.26 82.75
-6.28 -2.70 67.28
-6.02 6.28 142.30
-12.96 2.91 94.28
-1.30 -8.30 165.17
29.88 0.86 140.51
-3.36 -4.90 139.15
8.77 5.26 130.01
-10.02 -5.68 21.79
-3.37 -6.73 162.27
4.97 5.62 131.19
-16.46 4.68 140.96
7.27 -10.08 116.92
-2.49 -1.79 172.66
0.42 2.77 90.95
-11.60 -7.47 66.95
37.96 1.30 139.97
-3.62 5.04 145.94
9.13 -3.82 122.13
19.81 2.55 144.72
-2.07 -11.85 175.83
26.84 2.17 143.10
-15.47 -8.53 66.64
-14.10 -3.46 3.89
8.34 -1.96 56.27
-4.32 3.76 97.11
-13.87 -2.44 101.34
10.68 -7.45 106.35
-1.32 -7.21 118.76
7.93 -10.67 142.07
51.29 -2.07 138.27
10.66 4.62 97.44
19.10 -2.58 142.75
8.79 2.29 88.26
-37.23 -2.30 140.25
0.56 -5.44 124.56
0.73 -7.55 148.07
-10.24 -4.71 110.67
-10.86 -10.03 115.28
-74.27 -3.75 143.85
-4.75 0.88 93.75
6.47 -8.31 108.67
2.73 -8.01 103.38
-13.35 -0.44 86.86
8.86 -3.27 79.25
-7.83 -10.20 132.91
-14.54 7.42 143.12
5.67 -2.94 141.43
9.19 -1.43 133.88
-31.42 -4.65 140.22
5.98 -4.41 111.40
-25.73 1.26 144.93
11.02 -5.99 36.25
-11.60 -3.79 79.35
-3.30 4.68 146.52
11.69 -6.07 39.49
-23.73 2.44 140.26
-3.29 0.66 87.94
7.71 -4.64 80.70
19.75 -7.04 139.77
-15.96 -1.59 66.04
13.49 -2.88 28.67
1.02 -1.31 154.05
15.46 0.81 141.35
-12.59 -1.87 11.05
-12.47 4.46 131.34
-21.25 -3.86 140.69
-1.55 0.65 142.66
-13.72 0.37 147.85
1.09 2.97 100.69
4.93 3.25 93.57
9.79 -0.43 59.56
-10.87 -2.31 45.52
3.65 -4.00 128.55
32.76 -2.83 143.48
-1.55 3.71 132.59
13.83 -10.43 141.05
-5.68 5.64 86.32
7.99 -3.90 144.78
4.10 -6.81 89.45
-10.03 0.99 111.09
4.74 -2.84 114.63
0.53 3.62 136.25
-3.78 -4.32 108.17
-23.96 -1.83 140.74
-15.49 -2.58 88.05
8.96 -1.17 68.85
34.93 -4.61 139.89
-2.26 0.69 153.69
-5.78 -6.70 164.53
-77.42 -0.38 142.47
-3.32 -6.13 153.59
-9.92 -3.75 27.08
-9.32 -4.48 99.25
7.68 -1.69 53.66
-0.78 -7.52 151.39
-27.39 1.01 142.85
10.68 -10.78 140.37
-2.29 -10.12 124.64
-2.09 9.00 132.82
14.32 -0.06 86.71
-5.30 0.17 85.86
61.48 -1.63 141.39
2.17 -9.75 105.15
-10.54 -0.51 21.62
-11.10 -8.38 97.62
-4.77 -8.09 102.74
-14.03 -6.09 91.24
-1.03 8.43 140.73
-0.40 7.83 134.73
-11.95 -0.28 31.58
0.59 -8.57 178.22
50.93 -3.52 143.27
-0.13 -10.08 172.59
16.29 -7.96 79.01
17.26 -2.15 133.35
2.27 -0.88 86.35
-0.77 -6.03 136.80
-6.59 -11.04 165.43
11.08 -8.28 94.07
30.53 -4.41 142.15
-12.11 1.56 101.43
11.89 -4.18 4.97
-14.79 -1.67 145.46
0.54 -4.39 124.98
2.38 6.73 147.71
-6.03 -4.34 150.92
-6.81 -3.64 128.30
-9.06 3.58 145.82
-8.50 -0.72 147.16
-0.68 1.33 126.68
-13.59 -4.93 34.09
73.12 -2.96 144.33
-13.42 1.31 146.32
13.17 -3.08 138.62
-6.84 0.73 149.93
-13.85 -2.09 70.36
-8.92 -9.75 117.50
-15.88 -3.96 133.91
15.80 -6.08 134.55
-11.48 -0.74 8.42
-2.55 -3.59 125.09
5.93 3.37 93.77
75.71 -10.17 138.92
37.51 -2.48 145.58
12.51 -10.12 123.07
-13.40 0.44 126.50
-0.41 0.21 174.96
-11.18 -6.89 98.50
-13.01 -7.85 112.11
-15.39 -8.76 142.45
7.32 10.10 142.10
8.63 3.59 84.44
4.90 -4.10 113.07
6.11 -0.89 129.25
5.60 -9.06 70.18
12.65 -2.32 143.48
2.24 -5.68 162.63
-7.37 2.57 137.08
4.27 -5.26 176.53
-42.59 -3.18 144.85
-10.38 -9.41 137.88
16.82 -3.85 84.47
59.66 -1.54 138.76
-2.35 -9.11 166.93
3.95 -6.21 62.78
-14.91 -6.27 90.42
-13.39 4.37 90.10
1.89 3.08 171.12
-9.55 0.28 112.71
-2.73 -2.89 166.05
1.39 -3.32 157.64
-17.70 -3.48 144.76
-5.33 -6.48 112.99
-4.09 -9.65 115.82
-8.14 -0.03 138.80
-10.77 -7.59 117.15
-14.82 -2.92 38.68
6.51 -9.14 80.97
12.13 -4.10 62.47
3.62 -2.87 74.76
-0.12 -7.65 173.23
-0.04 -0.12 119.48
-38.67 -2.55 145.29
5.70 0.86 119.06
-9.46 -5.11 45.59
-10.34 -5.51 97.98
67.53 -5.18 141.00
-8.50 -8.50 105.42
-13.28 -9.30 73.18
-13.20 -0.81 119.01
-7.93 2.54 138.49
39.47 1.27 143.40
-9.17 3.05 132.41
1.11 0.16 96.87
-9.70 -4.19 15.42
-2.86 -9.09 74.89
1.06 -4.22 149.10
-12.40 -4.59 140.40
-11.19 -6.98 104.67
-13.63 -7.26 141.58
-1.07 -1.35 126.54
-27.75 -5.36 144.46
-73.15 -0.67 142.76
7.65 -5.17 134.07
17.16 -2.50 134.18
40.52 3.45 140.77
12.47 -6.12 118.34
3.54 -4.35 96.11
-16.34 6.85 142.67
40.50 2.14 140.95
-7.54 -5.09 36.68
-2.09 -1.43 166.13
16.50 -6.44 65.44
-13.38 -0.35 24.44
4.41 1.04 121.95
-6.59 -7.26 57.96
-1.92 1.12 88.56
-25.32 -2.22 147.63
8.73 -4.43 71.00
8.30 2.85 142.88
-17.07 -2.97 147.39
-6.23 -8.08 90.20
-8.44 1.29 121.65
5.97 3.71 147.01
26.49 -5.15 145.58
-11.57 -2.87 75.17
-12.40 -9.09 79.91
-10.14 -7.03 54.22
6.40 6.43 130.41
12.34 -1.98 109.31
11.11 -1.67 65.04
-12.64 -5.01 85.53
-10.70 -0.22 79.02
4.05 -7.65 93.92
-8.33 2.98 93.02
-3.15 -2.84 115.64
13.91 0.98 34.23
5.13 9.81 136.81
14.15 -5.31 130.01
13.94 -1.46 119.65
-2.98 -5.05 127.95
2.95 -2.84 153.74
39.25 2.11 142.48
-9.31 -6.41 145.04
-67.66 -5.45 142.26
-51.52 -1.71 145.17
-10.24 -1.13 37.00
17.55 3.04 148.80
-9.51 1.20 11.66
-3.89 5.47 131.77
-10.60 -6.79 69.24
16.71 0.13 140.76
-4.18 1.19 96.65
-10.46 -1.86 1.39
-1.03 -4.80 165.95
2.69 10.43 137.49
3.88 -4.89 169.79
4.94 -3.89 74.30
8.48 -6.81 7.83
10.11 3.93 131.13
-1.46 -4.92 123.81
15.32 -4.18 63.78
-2.32 -2.32 127.57
4.13 3.42 124.68
-12.66 -5.22 61.31
6.60 -9.50 139.33
-8.47 5.03 141.97
-12.96 -4.31 16.94
-2.36 6.40 147.55
-5.33 -10.76 163.36
21.44 4.13 141.23
7.77 -1.36 58.31
-10.68 -5.17 93.98
-11.46 -3.36 22.42
2.34 -9.16 135.17
17.55 -3.26 143.76
-0.83 -5.25 163.67
3.65 -4.85 166.99
-0.25 -1.42 94.05
-0.14 -1.28 104.09
-12.85 -4.19 138.49
13.37 -7.10 63.16
-4.34 -2.79 108.99
3.68 -3.62 174.67
-7.21 2.38 140.13
-5.63 -6.24 58.66
-5.43 -9.57 141.95
16.19 -0.89 84.00
17.12 -1.21 126.27
-3.40 -10.62 140.93
-4.56 -7.53 60.01
8.10 -6.01 4.64
-15.32 -6.40 87.22
-3.20 -5.44 143.47
-41.94 -1.44 138.39
-3.82 -7.10 159.29
3.43 0.18 106.08
4.69 -4.61 153.51
32.51 4.45 143.26
29.94 -3.14 144.14
-13.96 -3.44 87.11
-13.96 6.59 145.24
-9.14 5.63 124.90
-0.85 6.46 130.78
5.80 9.56 142.52
62.30 -1.18 142.57
-43.36 0.72 138.97
-16.23 -1.13 76.00
-3.46 -7.29 139.90
-1.76 2.74 117.76
-76.16 -1.43 141.13
-7.56 -4.48 131.65
6.99 1.57 114.98
-6.12 -5.72 121.49
-24.59 -4.99 144.49
-19.42 1.88 148.09
3.21 -3.00 90.57
8.66 -6.29 5.25
-8.53 -3.33 120.74
-11.88 1.53 76.32
-14.66 -8.95 69.01
19.33 4.08 138.65
-8.40 -7.90 139.09
2.30 -4.23 168.80
30.86 -3.58 144.39
3.59 -5.50 149.06
6.61 -9.70 99.86
-14.78 -1.22 145.79
53.10 -0.34 144.94
8.85 -1.28 8.57
11.64 1.19 95.72
6.61 -1.37 152.79
10.35 2.71 149.25
-9.00 -3.50 30.89
29.32 4.54 142.94
-14.60 -3.40 142.89
15.89 -0.14 85.65
0.20 -5.28 145.34
7.31 -2.11 35.43
4.64 0.10 172.54
-29.99 -3.60 143.83
-9.10 -9.01 84.57
-3.84 -8.57 164.33
-11.33 -2.06 111.44
-10.55 -7.62 110.33
-6.25 7.43 129.01
-5.15 -8.68 120.81
7.24 -8.36 113.06
-21.80 -0.92 138.44
5.74 -3.92 106.14
78.45 -4.70 143.40
-10.06 1.51 80.95
-13.27 -5.92 140.28
0.47 -11.10 175.53
0.61 -4.28 91.77
-4.11 5.30 96.03
-5.54 5.24 136.96
-9.09 -2.38 83.23
-74.76 -9.85 138.95
16.29 -7.81 76.87
3.11 -2.93 142.66
0.63 -1.52 173.63
-0.73 -3.75 143.53
15.31 -2.76 94.35
-44.41 2.27 141.36
3.97 -2.90 70.25
-9.11 4.61 148.67
-8.27 -5.54 50.76
-8.70 0.20 101.41
11.53 -5.75 54.01
-5.24 7.37 126.49
10.42 -3.03 35.16
-7.58 -6.18 41.59
6.45 -10.20 119.34
2.73 -7.42 168.07
-6.75 -10.53 135.66
11.43 2.45 33.59
12.12 -3.68 5.66
-10.27 -4.17 109.47
-8.48 2.28 127.73
7.39 -6.64 74.77
11.30 -8.82 129.69
-13.76 -5.13 122.72
7.37 1.86 80.07
-29.21 -4.73 139.97
-28.79 -2.36 144.34
13.55 -6.50 65.73
-14.31 -7.18 97.89
5.76 -6.64 142.26
8.98 -9.48 141.49
-11.15 3.26 149.34
7.30 3.14 116.05
-4.91 -7.43 57.53
-0.21 1.82 127.57
-30.82 2.51 141.68
7.08 -3.15 116.05
-0.46 -6.14 168.51
12.17 3.64 142.60
-5.18 -9.02 74.24
8.50 0.42 30.68
-74.81 -2.64 141.54
-8.80 1.34 126.78
-53.78 -0.67 143.80
-0.73 -6.29 171.38
7.13 -2.19 106.98
-6.36 5.83 94.09
-17.12 2.62 139.91
11.60 -3.56 21.27
6.84 -1.39 80.34
1.17 0.36 139.99
10.20 -4.79 118.84
-22.29 -2.91 146.13
-6.25 -4.45 105.86
7.26 -2.64 128.94
-88.08 -3.02 142.55
-10.02 -1.79 150.11
-11.02 -6.05 136.35
66.00 -4.88 140.61
11.51 -7.03 108.04
-8.69 -9.61 125.60
-32.86 -5.66 143.51
8.78 3.22 87.71
2.90 4.58 91.94
0.15 -1.23 105.73
43.50 1.09 138.78
-41.35 -2.62 139.22
-6.31 -7.44 122.97
-4.39 1.59 146.56
12.67 2.26 136.19
12.34 1.72 100.81
11.60 -2.06 134.76
12.75 -5.18 90.64
5.04 0.18 109.71
6.73 -1.78 98.40
-16.92 4.31 145.98
3.16 -7.93 120.49
5.97 -2.41 76.69
-10.49 3.23 129.75
-8.76 -6.38 89.34
-11.94 -2.73 106.72
3.42 1.35 92.45
-0.97 -1.91 105.64
-4.49 -6.63 105.33
13.86 0.35 34.92
12.19 -7.03 140.88
-85.03 -7.52 142.85
2.66 3.04 112.35
10.21 -3.97 6.12
-12.54 -3.22 104.15
-23.92 -1.47 148.57
4.30 -6.91 97.58
14.19 -3.37 44.57
4.56 -9.00 173.63
-23.88 1.67 144.23
73.32 -1.56 141.76
2.26 -0.73 167.23
-9.23 -0.13 24.75
11.99 -0.08 37.74
9.76 4.02 86.14
3.57 2.40 126.54
-1.15 -1.21 104.22
-0.70 6.56 128.45
-8.80 0.69 41.95
-0.85 -4.04 87.02
-9.83 -6.64 64.69
-15.77 4.62 131.02
16.49 0.16 77.03
11.62 5.19 132.68
-9.13 2.39 3.06
3.85 -7.72 62.30
-9.75 -7.46 99.89
-1.34 3.60 104.72
7.05 -2.08 114.39
-13.02 -3.52 25.24
-7.34 6.07 91.62
75.31 -5.20 142.46
4.46 -11.78 162.38
-2.09 1.82 107.25
-5.19 -10.84 137.84
10.67 1.40 14.95
33.76 -0.10 145.82
-6.13 0.59 81.94
4.19 -7.76 111.55
-20.11 -7.02 140.66
2.82 -6.21 79.41
8.09 -1.47 139.28
-1.02 -5.19 129.48
9.48 0.20 77.54
-5.84 -1.60 120.06
10.63 -3.00 82.61
-8.49 -6.27 63.17
0.37 7.94 132.66
8.67 5.24 139.25
42.14 2.93 140.68
1.72 -4.02 93.62
-3.33 -3.90 76.08
-11.33 -9.36 127.81
-0.52 1.09 99.34
-6.62 3.63 140.34
-16.24 5.32 135.49
-7.83 -1.07 75.18
2.90 -6.31 137.70
-12.57 -2.06 4.27
10.52 -6.46 116.59
-7.04 -3.93 67.54
11.84 -4.35 118.70
28.63 1.72 138.40
-2.37 -1.08 97.72
-1.82 -4.02 91.10
-19.07 -2.66 147.01
-7.46 4.38 122.69
-7.13 -3.19 109.08
-68.97 -0.61 143.29
-20.28 -2.76 143.04
14.33 -7.12 61.46
7.32 -1.27 104.82
14.00 -0.47 62.98
-15.70 -5.90 62.81
13.20 2.44 134.39
-14.16 -0.32 90.68
12.46 -6.89 99.68
14.05 -7.21 82.32
1.90 2.79 168.82
-9.21 -8.89 123.93
-53.69 0.10 138.93
-5.07 -9.10 120.20
-13.42 -4.78 86.55
27.79 -0.30 144.26
-8.60 -8.84 76.29
-1.86 -7.16 124.76
-13.91 -5.67 119.33
-0.96 2.76 139.00
-9.14 0.37 5.18
2.06 -3.05 111.67
0.08 0.32 99.16
3.09 6.57 127.18
34.71 -3.97 143.50
5.17 7.49 126.91
-30.00 -4.15 141.08
37.33 1.47 138.76
-7.68 -7.49 94.74
